The Studentised maximum range upper quantiles
q(k, df, no.ranges=  20; alpha= 0.05)
-----------------------------------------------------------------------------------------------------------------------------------------------------------------------------
 df  k->  2      3      4      5      6      7      8      9     10     11     12     13     14     15     16     17     18     19     20     50    100    200    500   1000
-----------------------------------------------------------------------------------------------------------------------------------------------------------------------------
  1   48.857 57.170 62.067 65.523 68.181 70.333 72.136 73.684 75.039 76.241 77.321 78.301 79.196 80.020 80.783 81.493 82.157 82.779 83.365 93.223 100.06 106.48 114.45 120.15
  2   13.811 16.038 17.362 18.299 19.022 19.608 20.100 20.522 20.892 21.221 21.516 21.784 22.029 22.255 22.464 22.659 22.841 23.011 23.172 25.879 27.760 29.530 31.728 33.303
  3    9.287 10.722 11.579 12.189 12.660 13.042 13.363 13.639 13.881 14.096 14.289 14.465 14.625 14.773 14.910 15.038 15.157 15.269 15.374 17.153 18.390 19.556 21.005 22.044
  4    7.649  8.790  9.475  9.963 10.341 10.648 10.906 11.128 11.323 11.496 11.651 11.793 11.922 12.041 12.152 12.254 12.351 12.441 12.526 13.962 14.964 15.907 17.081 17.923
  5    6.814  7.801  8.396  8.821  9.150  9.417  9.642  9.836 10.006 10.157 10.293 10.417 10.530 10.634 10.731 10.821 10.905 10.984 11.059 12.317 13.195 14.024 15.055 15.795
  6    6.310  7.201  7.740  8.125  8.423  8.667  8.871  9.048  9.202  9.340  9.464  9.576  9.679  9.774  9.862  9.944 10.021 10.093 10.161 11.309 12.112 12.869 13.813 14.490
  7    5.972  6.798  7.298  7.656  7.933  8.160  8.350  8.514  8.659  8.787  8.902  9.007  9.104  9.192  9.274  9.351  9.422  9.490  9.553 10.626 11.376 12.085 12.969 13.603
  8    5.730  6.508  6.979  7.317  7.579  7.793  7.973  8.129  8.265  8.387  8.496  8.595  8.686  8.770  8.848  8.921  8.988  9.052  9.112 10.130 10.842 11.515 12.355 12.958
  9    5.548  6.289  6.738  7.060  7.311  7.515  7.688  7.836  7.967  8.083  8.187  8.282  8.369  8.450  8.524  8.594  8.659  8.720  8.777  9.752 10.435 11.081 11.887 12.465
 10    5.407  6.117  6.549  6.859  7.100  7.297  7.463  7.606  7.732  7.843  7.944  8.036  8.120  8.197  8.269  8.336  8.399  8.457  8.513  9.454 10.113 10.737 11.516 12.076
-----------------------------------------------------------------------------------------------------------------------------------------------------------------------------
 11    5.293  5.980  6.397  6.697  6.930  7.121  7.281  7.420  7.542  7.650  7.748  7.837  7.918  7.993  8.063  8.127  8.188  8.245  8.299  9.212  9.852 10.459 11.216 11.760
 12    5.200  5.867  6.272  6.563  6.790  6.975  7.131  7.266  7.385  7.490  7.585  7.672  7.751  7.824  7.892  7.955  8.014  8.069  8.122  9.011  9.636 10.227 10.966 11.497
 13    5.123  5.772  6.167  6.451  6.672  6.853  7.005  7.137  7.253  7.356  7.448  7.533  7.610  7.682  7.748  7.809  7.867  7.921  7.973  8.842  9.453 10.031 10.755 11.274
 14    5.057  5.692  6.078  6.356  6.572  6.749  6.898  7.027  7.140  7.241  7.332  7.414  7.490  7.560  7.625  7.685  7.742  7.795  7.845  8.697  9.296  9.864 10.573 11.084
 15    5.000  5.622  6.001  6.274  6.486  6.659  6.805  6.931  7.042  7.141  7.231  7.312  7.386  7.455  7.518  7.578  7.633  7.685  7.735  8.571  9.160  9.718 10.416 10.918
 16    4.952  5.562  5.934  6.202  6.410  6.580  6.724  6.848  6.957  7.055  7.142  7.222  7.295  7.363  7.425  7.484  7.538  7.589  7.638  8.461  9.041  9.590 10.278 10.772
 17    4.909  5.510  5.875  6.139  6.344  6.511  6.653  6.775  6.882  6.978  7.065  7.143  7.215  7.281  7.343  7.401  7.454  7.505  7.553  8.364  8.935  9.477 10.155 10.643
 18    4.871  5.463  5.823  6.083  6.285  6.450  6.589  6.710  6.816  6.910  6.995  7.073  7.144  7.209  7.270  7.327  7.380  7.430  7.477  8.277  8.841  9.376 10.046 10.528
 19    4.837  5.421  5.777  6.033  6.232  6.395  6.533  6.652  6.756  6.849  6.933  7.010  7.080  7.145  7.205  7.260  7.313  7.362  7.409  8.199  8.757  9.285  9.947 10.424
 20    4.807  5.384  5.735  5.988  6.185  6.346  6.482  6.599  6.702  6.795  6.878  6.953  7.022  7.086  7.146  7.201  7.253  7.301  7.347  8.129  8.680  9.203  9.859 10.330
-----------------------------------------------------------------------------------------------------------------------------------------------------------------------------
 df  k->  2      3      4      5      6      7      8      9     10     11     12     13     14     15     16     17     18     19     20     50    100    200    500   1000
-----------------------------------------------------------------------------------------------------------------------------------------------------------------------------
 21    4.780  5.351  5.698  5.947  6.142  6.301  6.436  6.552  6.654  6.745  6.827  6.902  6.970  7.033  7.092  7.147  7.198  7.246  7.292  8.065  8.611  9.129  9.778 10.245
 22    4.756  5.320  5.664  5.911  6.103  6.261  6.394  6.509  6.610  6.700  6.781  6.855  6.923  6.985  7.043  7.098  7.148  7.196  7.241  8.007  8.547  9.061  9.704 10.167
 23    4.733  5.292  5.632  5.877  6.068  6.224  6.355  6.469  6.569  6.659  6.739  6.812  6.879  6.941  6.999  7.053  7.103  7.150  7.195  7.954  8.489  8.998  9.636 10.095
 24    4.713  5.267  5.604  5.846  6.035  6.190  6.320  6.433  6.532  6.621  6.700  6.773  6.840  6.901  6.958  7.011  7.061  7.108  7.152  7.905  8.436  8.941  9.573 10.029
 25    4.694  5.244  5.578  5.818  6.005  6.159  6.288  6.400  6.498  6.586  6.665  6.737  6.803  6.864  6.920  6.973  7.022  7.069  7.113  7.859  8.386  8.887  9.515  9.968
 26    4.677  5.222  5.554  5.792  5.978  6.130  6.258  6.369  6.467  6.554  6.632  6.703  6.769  6.829  6.885  6.938  6.987  7.033  7.076  7.817  8.341  8.838  9.462  9.911
 27    4.661  5.202  5.531  5.768  5.952  6.103  6.230  6.341  6.437  6.524  6.602  6.672  6.737  6.797  6.853  6.905  6.954  6.999  7.043  7.778  8.298  8.792  9.412  9.858
 28    4.647  5.184  5.511  5.746  5.929  6.078  6.205  6.314  6.410  6.496  6.573  6.644  6.708  6.768  6.823  6.875  6.923  6.968  7.011  7.742  8.258  8.749  9.365  9.809
 29    4.633  5.167  5.491  5.725  5.907  6.055  6.181  6.289  6.385  6.470  6.547  6.617  6.681  6.740  6.795  6.846  6.894  6.939  6.982  7.708  8.221  8.709  9.321  9.763
 30    4.620  5.151  5.473  5.705  5.886  6.034  6.158  6.266  6.361  6.446  6.522  6.592  6.655  6.714  6.769  6.820  6.867  6.912  6.954  7.676  8.186  8.671  9.280  9.719
-----------------------------------------------------------------------------------------------------------------------------------------------------------------------------
 31    4.608  5.136  5.457  5.687  5.867  6.013  6.137  6.245  6.339  6.423  6.499  6.568  6.631  6.690  6.744  6.795  6.842  6.887  6.929  7.646  8.153  8.636  9.241  9.678
 32    4.597  5.122  5.441  5.670  5.849  5.995  6.118  6.224  6.318  6.402  6.477  6.546  6.609  6.667  6.721  6.771  6.818  6.863  6.904  7.618  8.122  8.603  9.205  9.640
 33    4.587  5.109  5.426  5.654  5.832  5.977  6.099  6.205  6.299  6.382  6.457  6.525  6.588  6.645  6.699  6.749  6.796  6.840  6.882  7.591  8.093  8.571  9.171  9.603
 34    4.577  5.097  5.412  5.639  5.816  5.960  6.082  6.187  6.280  6.363  6.438  6.505  6.568  6.625  6.679  6.728  6.775  6.819  6.860  7.566  8.066  8.541  9.138  9.569
 35    4.568  5.085  5.399  5.625  5.800  5.944  6.066  6.170  6.263  6.345  6.419  6.487  6.549  6.606  6.659  6.709  6.755  6.799  6.840  7.543  8.040  8.513  9.107  9.536
 36    4.559  5.074  5.387  5.611  5.786  5.929  6.050  6.154  6.246  6.328  6.402  6.469  6.531  6.588  6.641  6.690  6.736  6.780  6.821  7.520  8.015  8.486  9.078  9.505
 37    4.551  5.064  5.375  5.599  5.773  5.915  6.035  6.139  6.231  6.312  6.386  6.453  6.514  6.571  6.623  6.673  6.719  6.762  6.803  7.499  7.992  8.461  9.050  9.476
 38    4.543  5.054  5.364  5.587  5.760  5.902  6.021  6.125  6.216  6.297  6.370  6.437  6.498  6.555  6.607  6.656  6.702  6.745  6.785  7.479  7.970  8.437  9.024  9.448
 39    4.536  5.045  5.354  5.575  5.748  5.889  6.008  6.111  6.202  6.283  6.356  6.422  6.483  6.539  6.591  6.640  6.686  6.728  6.769  7.459  7.948  8.414  8.999  9.421
 40    4.529  5.036  5.344  5.564  5.736  5.877  5.996  6.098  6.189  6.269  6.342  6.408  6.468  6.524  6.576  6.625  6.670  6.713  6.753  7.441  7.928  8.392  8.975  9.396
-----------------------------------------------------------------------------------------------------------------------------------------------------------------------------
 48    4.484  4.979  5.279  5.494  5.661  5.798  5.914  6.014  6.101  6.180  6.250  6.315  6.374  6.428  6.479  6.526  6.570  6.612  6.651  7.320  7.795  8.247  8.815  9.226
 60    4.440  4.923  5.214  5.424  5.586  5.719  5.831  5.928  6.014  6.090  6.158  6.221  6.278  6.331  6.380  6.426  6.469  6.509  6.547  7.197  7.658  8.097  8.650  9.050
 80    4.395  4.867  5.150  5.353  5.511  5.640  5.749  5.843  5.925  5.999  6.065  6.126  6.181  6.232  6.280  6.324  6.365  6.404  6.441  7.070  7.515  7.941  8.477  8.864
120    4.352  4.811  5.086  5.283  5.436  5.561  5.666  5.756  5.836  5.907  5.971  6.030  6.083  6.132  6.178  6.221  6.261  6.298  6.334  6.938  7.367  7.776  8.292  8.665
240    4.308  4.755  5.022  5.213  5.361  5.481  5.582  5.670  5.746  5.815  5.876  5.932  5.984  6.031  6.075  6.116  6.154  6.190  6.224  6.803  7.212  7.602  8.092  8.448
Inf    4.265  4.700  4.959  5.143  5.285  5.401  5.499  5.582  5.656  5.722  5.781  5.834  5.883  5.928  5.970  6.009  6.046  6.080  6.113  6.662  7.048  7.414  7.873  8.204
-----------------------------------------------------------------------------------------------------------------------------------------------------------------------------
max.iterations =    50
